0.001  0
0.003  0
0.005  0
0.007  0
0.009  0
0.011  0
0.013  0
0.015  0
0.017  0
0.019  0
0.021  0
0.023  0
0.025  0
0.027  0
0.029  0
0.031  0
0.033  0
0.035  0
0.037  0
0.039  0
0.041  0
0.043  0
0.045  0
0.047  0
0.049  0
0.051  0
0.053  0
0.055  0
0.057  0
0.059  0
0.061  0
0.063  0
0.065  0
0.067  0
0.069  0
0.071  0
0.073  0
0.075  0
0.077  0
0.079  0
0.081  0
0.083  0
0.085  0
0.087  0
0.089  0
0.091  0
0.093  0
0.095  0
0.097  0
0.099  0
0.101  1
0.103  1
0.105  1
0.107  1
0.109  1
0.111  1
0.113  1
0.115  1
0.117  1
0.119  1
0.121  1
0.123  1
0.125  1
0.127  1
0.129  1
0.131  1
0.133  1
0.135  1
0.137  1
0.139  1
0.141  1
0.143  1
0.145  1
0.147  1
0.149  1
0.151  0
0.153  0
0.155  0
0.157  0
0.159  0
0.161  0
0.163  0
0.165  0
0.167  0
0.169  0
0.171  0
0.173  0
0.175  0
0.177  0
0.179  0
0.181  0
0.183  0
0.185  0
0.187  0
0.189  0
0.191  0
0.193  0
0.195  0
0.197  0
0.199  0
0.201  0
0.203  0
0.205  0
0.207  0
0.209  0
0.211  0
0.213  0
0.215  0
0.217  0
0.219  0
0.221  0
0.223  0
0.225  0
0.227  0
0.229  0
0.231  0
0.233  0
0.235  0
0.237  0
0.239  0
0.241  0
0.243  0
0.245  0
0.247  0
0.249  0
